s = {
	id = "B96105C9-B5AF-4947-81EE-7A10F5AE3962",
	internalName = "Serge Portraits - Rouge",
	title = "Serge Portraits - Rouge",
	type = "LocalizedAdjustmentPreset",
	value = {
		clarity = 0,
		clarity2012 = -0.04466700181365,
		contrast = 0,
		contrast2012 = -0.029551999643445,
		defringe = 0,
		exposure = 0,
		exposure2012 = 0,
		highlights2012 = 0,
		luminanceNoise = 0,
		moire = 0,
		saturation = 0.24377299845219,
		shadows2012 = 0,
		sharpness = -0.12233900278807,
		temperature = 0,
		tint = 0.15319299697876,
		toningHue = 0,
		toningLuminance = 0,
		toningSaturation = 0,
	},
	version = 0,
}
