s = {
	id = "7773569A-CFB3-4383-9ED6-317E06A8F1FA",
	internalName = "Rosy Light Painting",
	title = "Rosy Light Painting",
	type = "LocalizedAdjustmentPreset",
	value = {
		clarity = 0,
		clarity2012 = 0,
		contrast = 0,
		contrast2012 = 0.057470001280308,
		defringe = 0,
		exposure = 0,
		exposure2012 = 0.44824999570847,
		highlights2012 = 0,
		luminanceNoise = 0,
		moire = 0,
		saturation = 0,
		shadows2012 = 0,
		sharpness = 0,
		temperature = 0.12644000351429,
		tint = 1,
		toningHue = 336,
		toningLuminance = 0,
		toningSaturation = 0.34999999403954,
	},
	version = 0,
}
