s = {
	id = "37330DB0-0163-4100-B977-EB4E2A52FF4E",
	internalName = "Serge Lights - Warm Glow",
	title = "Serge Lights - Warm Glow",
	type = "LocalizedAdjustmentPreset",
	value = {
		clarity = 0,
		clarity2012 = -0.39917299151421,
		contrast = 0,
		contrast2012 = 0,
		defringe = 0,
		exposure = 0,
		exposure2012 = 0.50937497615814,
		highlights2012 = 0,
		luminanceNoise = 0,
		moire = 0,
		saturation = 0,
		shadows2012 = 0.65873199701309,
		sharpness = -0.55992597341537,
		temperature = 0.11691199988127,
		tint = 0.061948999762535,
		toningHue = 54.4140625,
		toningLuminance = 0,
		toningSaturation = 0.22933599352837,
	},
	version = 0,
}
