s = {
	id = "FF9D9E56-BBA9-4E44-A182-5CE6171163EE",
	internalName = "Serge Lights - Sun Enhancer",
	title = "Serge Lights - Sun Enhancer",
	type = "LocalizedAdjustmentPreset",
	value = {
		clarity = 0,
		clarity2012 = 0,
		contrast = 0,
		contrast2012 = 0,
		defringe = 0,
		exposure = 0,
		exposure2012 = 0.27864599227905,
		highlights2012 = 0.51454901695251,
		luminanceNoise = 0,
		moire = 0,
		saturation = 0.14136099815369,
		shadows2012 = 0.12584899365902,
		sharpness = 0.41768598556519,
		temperature = 0,
		tint = 0,
		toningHue = 0,
		toningLuminance = 0,
		toningSaturation = 0,
	},
	version = 0,
}
