s = {
	id = "06C1DFDB-7DA7-4714-BD36-ABF6A87C323E",
	internalName = "Serge Lights - Sky Winter",
	title = "Serge Lights - Sky Winter",
	type = "LocalizedAdjustmentPreset",
	value = {
		clarity = 0,
		clarity2012 = -0.61075401306152,
		contrast = 0,
		contrast2012 = 0,
		defringe = 0,
		exposure = 0,
		exposure2012 = -0.12867599725723,
		highlights2012 = -0.40193000435829,
		luminanceNoise = 0,
		moire = 0,
		saturation = 0,
		shadows2012 = 0.52031201124191,
		sharpness = -0.31957700848579,
		temperature = -0.30615800619125,
		tint = 0.10955899953842,
		toningHue = 0,
		toningLuminance = 0,
		toningSaturation = 0,
	},
	version = 0,
}
