s = {
	id = "5CCCEA60-4527-46E6-8444-2AF03CA727C1",
	internalName = "Serge Landscapes - Happy Trees",
	title = "Serge Landscapes - Happy Trees",
	type = "LocalizedAdjustmentPreset",
	value = {
		clarity = 0,
		clarity2012 = 0.28991198539734,
		contrast = 0,
		contrast2012 = 0.088597998023033,
		defringe = 0,
		exposure = 0,
		exposure2012 = 0.05095100030303,
		highlights2012 = -0.21835400164127,
		luminanceNoise = 0,
		moire = 0,
		saturation = 0.62822699546814,
		shadows2012 = 0.14271999895573,
		sharpness = 0.14436100423336,
		temperature = -0.06199000030756,
		tint = -0.11311099678278,
		toningHue = 0,
		toningLuminance = 0,
		toningSaturation = 0,
	},
	version = 0,
}
