s = {
	id = "C780468B-EFDC-4610-ADB2-757902F9E70D",
	internalName = "Serge Landscapes - Sky Bad Weather",
	title = "Serge Landscapes - Sky Bad Weather",
	type = "LocalizedAdjustmentPreset",
	value = {
		clarity = 0,
		clarity2012 = 0.57167100906372,
		contrast = 0,
		contrast2012 = 0.84663701057434,
		defringe = 0,
		exposure = 0,
		exposure2012 = -0.0686139985919,
		highlights2012 = 0.29172301292419,
		luminanceNoise = 0,
		moire = 0,
		saturation = -0.38485100865364,
		shadows2012 = -0.40075901150703,
		sharpness = -0.50198101997375,
		temperature = -0.0720110014081,
		tint = 0,
		toningHue = 0,
		toningLuminance = 0,
		toningSaturation = 0,
	},
	version = 0,
}
