s = {
	id = "AE8B9CC6-8980-4658-A151-E98942F1FDD7",
	internalName = "Hazy Golden Light",
	title = "Hazy Golden Light",
	type = "LocalizedAdjustmentPreset",
	value = {
		clarity = 0,
		clarity2012 = 0,
		contrast = 0,
		contrast2012 = 0.057470001280308,
		defringe = 0,
		exposure = 0,
		exposure2012 = 0.42524999380112,
		highlights2012 = 0,
		luminanceNoise = 0,
		moire = 0.65517002344131,
		saturation = 0,
		shadows2012 = 0,
		sharpness = 0,
		temperature = 0.65517002344131,
		tint = 0,
		toningHue = 0,
		toningLuminance = 0,
		toningSaturation = 0,
	},
	version = 0,
}
