s = {
	id = "DCE76D43-FC80-4395-BFC7-74738FAF9FB8",
	internalName = "Serge D&B - Burn(Darken) SkyDrama",
	title = "Serge D&B - Burn(Darken) SkyDrama",
	type = "LocalizedAdjustmentPreset",
	value = {
		clarity = 0,
		clarity2012 = -0.092188000679016,
		contrast = 0,
		contrast2012 = 0,
		defringe = 0,
		exposure = 0,
		exposure2012 = -0.16636000573635,
		highlights2012 = -1,
		luminanceNoise = 0,
		moire = 0,
		saturation = 0.42711400985718,
		shadows2012 = 0.40579000115395,
		sharpness = -0.13106599450111,
		temperature = 0,
		tint = 0,
		toningHue = 0,
		toningLuminance = 0,
		toningSaturation = 0,
	},
	version = 0,
}
