s = {
	id = "CE6F8C0D-7328-4D85-B047-1EFFAE1617FD",
	internalName = "Serge D&B - Burn(Darken) Highlights Strong",
	title = "Serge D&B - Burn(Darken) Highlights Strong",
	type = "LocalizedAdjustmentPreset",
	value = {
		clarity = 0,
		clarity2012 = 0.051194999366999,
		contrast = 0,
		contrast2012 = -0.029503999277949,
		defringe = 0,
		exposure = 0,
		exposure2012 = -0.16838200390339,
		highlights2012 = -1,
		luminanceNoise = 0,
		moire = 0,
		saturation = 0.18290400505066,
		shadows2012 = 0.071506999433041,
		sharpness = 0.034926000982523,
		temperature = 0,
		tint = 0,
		toningHue = 0,
		toningLuminance = 0,
		toningSaturation = 0,
	},
	version = 0,
}
