s = {
	id = "4667DE08-4DF4-477D-84E3-9BC40D0A4CCD",
	internalName = "Serge D&B - Dodge(Lighten) Highlights Strong",
	title = "Serge D&B - Dodge(Lighten) Highlights Strong",
	type = "LocalizedAdjustmentPreset",
	value = {
		clarity = 0,
		clarity2012 = -0.1520220041275,
		contrast = 0,
		contrast2012 = 0.15487100183964,
		defringe = 0,
		exposure = 0,
		exposure2012 = 0.11249999701977,
		highlights2012 = 0.68005502223969,
		luminanceNoise = 0,
		moire = 0,
		saturation = 0,
		shadows2012 = 0.29439300298691,
		sharpness = -0.056249998509884,
		temperature = 0,
		tint = 0,
		toningHue = 0,
		toningLuminance = 0,
		toningSaturation = 0,
	},
	version = 0,
}
