s = {
	id = "D0DBF58F-4AD4-4EB7-B473-6464B2BE0B86",
	internalName = "Serge D&B - Dodge(Lighten) Structure",
	title = "Serge D&B - Dodge(Lighten) Structure",
	type = "LocalizedAdjustmentPreset",
	value = {
		clarity = 0,
		clarity2012 = 0.65500497817993,
		contrast = 0,
		contrast2012 = 0.08559799939394,
		defringe = 0,
		exposure = 0,
		exposure2012 = 0.16366599500179,
		highlights2012 = 0,
		luminanceNoise = 0,
		moire = 0,
		saturation = 0.061121001839638,
		shadows2012 = 0,
		sharpness = -0.16341899335384,
		temperature = 0,
		tint = 0,
		toningHue = 0,
		toningLuminance = 0,
		toningSaturation = 0,
	},
	version = 0,
}
