s = {
	id = "D4B883FA-21F5-4E81-9F7B-A4C47EDAA3F9",
	internalName = "Serge D&B - Burn(Darken) Strong",
	title = "Serge D&B - Burn(Darken) Strong",
	type = "LocalizedAdjustmentPreset",
	value = {
		clarity = 0,
		clarity2012 = -0.29540398716927,
		contrast = 0,
		contrast2012 = 0.11112099885941,
		defringe = 0,
		exposure = 0,
		exposure2012 = -0.32325398921967,
		highlights2012 = 0,
		luminanceNoise = 0,
		moire = 0,
		saturation = 0.061121001839638,
		shadows2012 = 0,
		sharpness = -0.16341899335384,
		temperature = 0,
		tint = 0,
		toningHue = 0,
		toningLuminance = 0,
		toningSaturation = 0,
	},
	version = 0,
}
